Data 35
177 167
45 118
78 135
117 99
35 163
89 133
106 132
119 146
21 166
55 164
135 195
47 258
179 191
173 104
73 119
74 155
17 271
174 179
73 98
120 39
116 135
136 258
46 133
14 99
173 126
42 276
117 64
287 42
286 99
164 159
45 161
47 97
207 167
3 272
206 192
Model 28
1 9.7
3.1 15.7
3.1 15.9
3.4 15.9
5 15.2
4.9 15.9
5.1 15.2
6.3 15.2
6.3 15.9
6.1 15.3
7.3 5.1
7.7 9.8
7.9 5.1
7.7 5.1
7.8 5.3
8.3 1
8.9 11.4
9.6 15.9
10.6 9.3
10.6 7.3
10.6 9.5
10.9 5.1
10.8 5.6
11.3 9.5
11.3 11.4
18.8 0.9
18.9 5.1
18.9 1
Links 28
14 99 - 1 9.7
3 272 - 3.1 15.7
3 272 - 3.1 15.9
17 271 - 3.4 15.9
47 258 - 5 15.2
42 276 - 4.9 15.9
47 258 - 5.1 15.2
47 258 - 6.3 15.2
42 276 - 6.3 15.9
47 258 - 6.1 15.3
117 64 - 7.3 5.1
119 146 - 7.7 9.8
117 64 - 7.9 5.1
117 64 - 7.7 5.1
117 64 - 7.8 5.3
120 39 - 8.3 1
135 195 - 8.9 11.4
136 258 - 9.6 15.9
164 159 - 10.6 9.3
173 126 - 10.6 7.3
164 159 - 10.6 9.5
173 104 - 10.9 5.1
173 104 - 10.8 5.6
164 159 - 11.3 9.5
179 191 - 11.3 11.4
287 42 - 18.8 0.9
286 99 - 18.9 5.1
287 42 - 18.9 1
